1
1
1
1
1
1
1
1
1
1
1
1
1
1
1
1
1
1
1
1
1
1
1
1
1
1
1
1
1
1
1
1
1
1
1
1
1
1
1
1
1
1
1
7
1
1
1
1
1
1
1
1
1
1
1
1
1
7
7
7
1
1
1
1
1
1
2
2
2
1
1
1
7
7
7
1
1
1
1
2
2
4
4
2
2
2
2
6
7
1
1
1
1
2
5
5
4
2
1
1
2
6
6
2
1
1
1
2
4
5
3
2
1
3
2
6
6
2
1
1
1
1
2
5
4
4
2
5
5
5
2
2
2
1
1
1
2
5
3
4
4
2
1
5
1
1
4
2
2
1
1
2
5
3
4
4
4
2
1
1
4
2
4
2
1
1
2
1
1
4
4
4
4
2
2
2
4
4
2
1
1
2
4
4
4
4
4
4
4
4
4
4
4
2
1
1
1
2
4
4
4
4
4
4
4
4
4
2
1
1
1
1
2
4
4
4
4
4
4
4
4
4
2
1
1
1
1
1
2
4
4
4
4
4
4
4
2
1
1
1
1
1
1
1
2
2
4
4
4
2
2
1
1
1
1
1
1
1
1
1
1
2
2
2
1
1
1
1
1
1
1
1
1
1
1
1
1
1
1
1
1
1
1
1
1
