13
13
13
13
7
7
7
7
7
7
13
13
13
0
0
0
13
13
13
7
7
7
7
7
7
7
7
13
13
0
0
0
13
13
13
7
b
13
b
b
13
b
7
13
13
0
0
0
13
13
13
7
b
13
b
b
13
b
7
13
13
0
0
0
13
13
13
7
7
7
7
7
7
7
7
13
13
0
0
0
13
13
13
13
7
7
7
7
7
7
13
13
13
0
0
0
13
13
13
13
13
14
14
14
14
13
13
13
13
0
0
0
13
13
13
7
7
14
14
14
14
7
7
13
13
0
0
0
13
13
7
7
14
14
14
14
14
14
7
7
13
0
0
0
13
b
b
7
14
14
14
14
14
14
7
b
b
0
0
0
13
b
b
13
14
14
14
14
14
14
13
b
b
0
0
0
13
13
13
13
14
14
14
14
14
14
13
13
13
0
0
0
13
13
13
13
7
7
14
14
7
7
13
13
13
0
0
0
13
13
13
13
7
7
13
13
7
7
13
13
13
0
0
0
13
13
13
13
b
b
13
13
b
b
13
13
13
0
0
0
0
0
0
0
0
0
0
0
0
0
0
0
0
0
0
0
