1
1
1
1
1
1
1
1
1
1
1
1
1
1
1
1
1
3
3
3
3
3
2
7
7
7
7
7
7
2
3
1
1
3
3
3
3
3
2
7
4
4
7
6
7
2
3
1
1
3
3
3
3
2
5
5
1
1
7
6
7
2
3
1
1
3
3
3
3
3
2
6
6
6
7
6
7
2
3
1
1
3
3
3
3
2
5
5
1
1
7
6
7
2
3
1
1
3
3
2
2
2
2
6
6
6
7
6
7
2
3
1
1
3
2
7
3
4
4
6
6
4
7
6
7
2
3
1
1
2
7
7
4
6
6
6
6
7
6
6
6
7
2
1
1
2
6
7
2
2
7
7
6
6
2
2
7
7
2
1
1
2
7
2
5
5
2
7
7
2
5
5
2
7
2
1
1
3
2
5
7
7
5
2
2
5
7
7
5
2
2
1
1
3
2
5
7
7
1
2
2
5
7
7
1
2
3
1
1
3
3
2
5
1
2
3
3
2
5
1
2
3
3
1
1
3
3
3
2
2
3
3
3
3
2
2
3
3
3
1
1
1
1
1
1
1
1
1
1
1
1
1
1
1
1
1
